
Example of picking six numbers from ten provided :

./lot649 6 10 3 5 7 16 17 19 21 27 42 47 
  k =  6
  n = 10
 N[ 1] =   3
 N[ 2] =   5
 N[ 3] =   7
 N[ 4] =  16
 N[ 5] =  17
 N[ 6] =  19
 N[ 7] =  21
 N[ 8] =  27
 N[ 9] =  42
 N[10] =  47

   1 |  3  5  7 16 17 19 
   2 |  3  5  7 16 17 21 
   3 |  3  5  7 16 17 27 
   4 |  3  5  7 16 17 42 
   5 |  3  5  7 16 17 47 
   6 |  3  5  7 16 19 21 
   7 |  3  5  7 16 19 27 
   8 |  3  5  7 16 19 42 
   9 |  3  5  7 16 19 47 
  10 |  3  5  7 16 21 27 
  11 |  3  5  7 16 21 42 
  12 |  3  5  7 16 21 47 
  13 |  3  5  7 16 27 42 
  14 |  3  5  7 16 27 47 
  15 |  3  5  7 16 42 47 
  16 |  3  5  7 17 19 21 
  17 |  3  5  7 17 19 27 
  18 |  3  5  7 17 19 42 
  19 |  3  5  7 17 19 47 
  20 |  3  5  7 17 21 27 
  21 |  3  5  7 17 21 42 
  22 |  3  5  7 17 21 47 
  23 |  3  5  7 17 27 42 
  24 |  3  5  7 17 27 47 
  25 |  3  5  7 17 42 47 
  26 |  3  5  7 19 21 27 
  27 |  3  5  7 19 21 42 
  28 |  3  5  7 19 21 47 
  29 |  3  5  7 19 27 42 
  30 |  3  5  7 19 27 47 
  31 |  3  5  7 19 42 47 
  32 |  3  5  7 21 27 42 
  33 |  3  5  7 21 27 47 
  34 |  3  5  7 21 42 47 
  35 |  3  5  7 27 42 47 
  36 |  3  5 16 17 19 21 
  37 |  3  5 16 17 19 27 
  38 |  3  5 16 17 19 42 
  39 |  3  5 16 17 19 47 
  40 |  3  5 16 17 21 27 
  41 |  3  5 16 17 21 42 
  42 |  3  5 16 17 21 47 
  43 |  3  5 16 17 27 42 
  44 |  3  5 16 17 27 47 
  45 |  3  5 16 17 42 47 
  46 |  3  5 16 19 21 27 
  47 |  3  5 16 19 21 42 
  48 |  3  5 16 19 21 47 
  49 |  3  5 16 19 27 42 
  50 |  3  5 16 19 27 47 
  51 |  3  5 16 19 42 47 
  52 |  3  5 16 21 27 42 
  53 |  3  5 16 21 27 47 
  54 |  3  5 16 21 42 47 
  55 |  3  5 16 27 42 47 
  56 |  3  5 17 19 21 27 
  57 |  3  5 17 19 21 42 
  58 |  3  5 17 19 21 47 
  59 |  3  5 17 19 27 42 
  60 |  3  5 17 19 27 47 
  61 |  3  5 17 19 42 47 
  62 |  3  5 17 21 27 42 
  63 |  3  5 17 21 27 47 
  64 |  3  5 17 21 42 47 
  65 |  3  5 17 27 42 47 
  66 |  3  5 19 21 27 42 
  67 |  3  5 19 21 27 47 
  68 |  3  5 19 21 42 47 
  69 |  3  5 19 27 42 47 
  70 |  3  5 21 27 42 47 
  71 |  3  7 16 17 19 21 
  72 |  3  7 16 17 19 27 
  73 |  3  7 16 17 19 42 
  74 |  3  7 16 17 19 47 
  75 |  3  7 16 17 21 27 
  76 |  3  7 16 17 21 42 
  77 |  3  7 16 17 21 47 
  78 |  3  7 16 17 27 42 
  79 |  3  7 16 17 27 47 
  80 |  3  7 16 17 42 47 
  81 |  3  7 16 19 21 27 
  82 |  3  7 16 19 21 42 
  83 |  3  7 16 19 21 47 
  84 |  3  7 16 19 27 42 
  85 |  3  7 16 19 27 47 
  86 |  3  7 16 19 42 47 
  87 |  3  7 16 21 27 42 
  88 |  3  7 16 21 27 47 
  89 |  3  7 16 21 42 47 
  90 |  3  7 16 27 42 47 
  91 |  3  7 17 19 21 27 
  92 |  3  7 17 19 21 42 
  93 |  3  7 17 19 21 47 
  94 |  3  7 17 19 27 42 
  95 |  3  7 17 19 27 47 
  96 |  3  7 17 19 42 47 
  97 |  3  7 17 21 27 42 
  98 |  3  7 17 21 27 47 
  99 |  3  7 17 21 42 47 
 100 |  3  7 17 27 42 47 
 101 |  3  7 19 21 27 42 
 102 |  3  7 19 21 27 47 
 103 |  3  7 19 21 42 47 
 104 |  3  7 19 27 42 47 
 105 |  3  7 21 27 42 47 
 106 |  3 16 17 19 21 27 
 107 |  3 16 17 19 21 42 
 108 |  3 16 17 19 21 47 
 109 |  3 16 17 19 27 42 
 110 |  3 16 17 19 27 47 
 111 |  3 16 17 19 42 47 
 112 |  3 16 17 21 27 42 
 113 |  3 16 17 21 27 47 
 114 |  3 16 17 21 42 47 
 115 |  3 16 17 27 42 47 
 116 |  3 16 19 21 27 42 
 117 |  3 16 19 21 27 47 
 118 |  3 16 19 21 42 47 
 119 |  3 16 19 27 42 47 
 120 |  3 16 21 27 42 47 
 121 |  3 17 19 21 27 42 
 122 |  3 17 19 21 27 47 
 123 |  3 17 19 21 42 47 
 124 |  3 17 19 27 42 47 
 125 |  3 17 21 27 42 47 
 126 |  3 19 21 27 42 47 
 127 |  5  7 16 17 19 21 
 128 |  5  7 16 17 19 27 
 129 |  5  7 16 17 19 42 
 130 |  5  7 16 17 19 47 
 131 |  5  7 16 17 21 27 
 132 |  5  7 16 17 21 42 
 133 |  5  7 16 17 21 47 
 134 |  5  7 16 17 27 42 
 135 |  5  7 16 17 27 47 
 136 |  5  7 16 17 42 47 
 137 |  5  7 16 19 21 27 
 138 |  5  7 16 19 21 42 
 139 |  5  7 16 19 21 47 
 140 |  5  7 16 19 27 42 
 141 |  5  7 16 19 27 47 
 142 |  5  7 16 19 42 47 
 143 |  5  7 16 21 27 42 
 144 |  5  7 16 21 27 47 
 145 |  5  7 16 21 42 47 
 146 |  5  7 16 27 42 47 
 147 |  5  7 17 19 21 27 
 148 |  5  7 17 19 21 42 
 149 |  5  7 17 19 21 47 
 150 |  5  7 17 19 27 42 
 151 |  5  7 17 19 27 47 
 152 |  5  7 17 19 42 47 
 153 |  5  7 17 21 27 42 
 154 |  5  7 17 21 27 47 
 155 |  5  7 17 21 42 47 
 156 |  5  7 17 27 42 47 
 157 |  5  7 19 21 27 42 
 158 |  5  7 19 21 27 47 
 159 |  5  7 19 21 42 47 
 160 |  5  7 19 27 42 47 
 161 |  5  7 21 27 42 47 
 162 |  5 16 17 19 21 27 
 163 |  5 16 17 19 21 42 
 164 |  5 16 17 19 21 47 
 165 |  5 16 17 19 27 42 
 166 |  5 16 17 19 27 47 
 167 |  5 16 17 19 42 47 
 168 |  5 16 17 21 27 42 
 169 |  5 16 17 21 27 47 
 170 |  5 16 17 21 42 47 
 171 |  5 16 17 27 42 47 
 172 |  5 16 19 21 27 42 
 173 |  5 16 19 21 27 47 
 174 |  5 16 19 21 42 47 
 175 |  5 16 19 27 42 47 
 176 |  5 16 21 27 42 47 
 177 |  5 17 19 21 27 42 
 178 |  5 17 19 21 27 47 
 179 |  5 17 19 21 42 47 
 180 |  5 17 19 27 42 47 
 181 |  5 17 21 27 42 47 
 182 |  5 19 21 27 42 47 
 183 |  7 16 17 19 21 27 
 184 |  7 16 17 19 21 42 
 185 |  7 16 17 19 21 47 
 186 |  7 16 17 19 27 42 
 187 |  7 16 17 19 27 47 
 188 |  7 16 17 19 42 47 
 189 |  7 16 17 21 27 42 
 190 |  7 16 17 21 27 47 
 191 |  7 16 17 21 42 47 
 192 |  7 16 17 27 42 47 
 193 |  7 16 19 21 27 42 
 194 |  7 16 19 21 27 47 
 195 |  7 16 19 21 42 47 
 196 |  7 16 19 27 42 47 
 197 |  7 16 21 27 42 47 
 198 |  7 17 19 21 27 42 
 199 |  7 17 19 21 27 47 
 200 |  7 17 19 21 42 47 
 201 |  7 17 19 27 42 47 
 202 |  7 17 21 27 42 47 
 203 |  7 19 21 27 42 47 
 204 | 16 17 19 21 27 42 
 205 | 16 17 19 21 27 47 
 206 | 16 17 19 21 42 47 
 207 | 16 17 19 27 42 47 
 208 | 16 17 21 27 42 47 
 209 | 16 19 21 27 42 47 
 210 | 17 19 21 27 42 47 

Example of picking six numbers from eight : 

./lot649 6 8 3 7 16 17 19 21 27 42
  k =  6
  n =  8
 N[ 1] =   3
 N[ 2] =   7
 N[ 3] =  16
 N[ 4] =  17
 N[ 5] =  19
 N[ 6] =  21
 N[ 7] =  27
 N[ 8] =  42

   1 |  3  7 16 17 19 21 
   2 |  3  7 16 17 19 27 
   3 |  3  7 16 17 19 42 
   4 |  3  7 16 17 21 27 
   5 |  3  7 16 17 21 42 
   6 |  3  7 16 17 27 42 
   7 |  3  7 16 19 21 27 
   8 |  3  7 16 19 21 42 
   9 |  3  7 16 19 27 42 
  10 |  3  7 16 21 27 42 
  11 |  3  7 17 19 21 27 
  12 |  3  7 17 19 21 42 
  13 |  3  7 17 19 27 42 
  14 |  3  7 17 21 27 42 
  15 |  3  7 19 21 27 42 
  16 |  3 16 17 19 21 27 
  17 |  3 16 17 19 21 42 
  18 |  3 16 17 19 27 42 
  19 |  3 16 17 21 27 42 
  20 |  3 16 19 21 27 42 
  21 |  3 17 19 21 27 42 
  22 |  7 16 17 19 21 27 
  23 |  7 16 17 19 21 42 
  24 |  7 16 17 19 27 42 
  25 |  7 16 17 21 27 42 
  26 |  7 16 19 21 27 42 
  27 |  7 17 19 21 27 42 
  28 | 16 17 19 21 27 42 

Extreme example, generate all possible combinations of six numbers chosen
from forty-nine numbers : 

$ ptime /usr/xpg4/bin/nice -n 19 ./lot649 6 49 1 2 3 4 5 6 7 8 9 10 11 12 13 14 15 16 17 18 19 20 21 22 23 24 25 26 27 28 29 30 31 32 33 34 35 36 37 38 39 40 41 42 43 44 45 46 47 48 49 > loser_649.txt 

real     2:29.800
user     2:09.276
sys         6.368

$ ls -lap 
total 207677
drwxr-xr-x   2 dclarke  csw            8 May 23 01:26 ./
drwxr-xr-x   4 dclarke  staff          4 May 22 22:03 ../
-rw-r--r--   1 dclarke  csw         6638 May 22 23:48 README
-rw-r--r--   1 dclarke  csw         1499 May 22 22:27 comb.c
-rwxr-xr-x   1 dclarke  csw         2302 May 22 23:34 compile.sh
-rw-r--r--   1 dclarke  csw      408405140 May 23 01:29 loser_649.txt
-rwxr-xr-x   1 dclarke  csw        16840 May 22 23:44 lot649
-rw-r--r--   1 dclarke  csw         4137 May 22 23:44 lot649.c

$ wc -l  loser_649.txt
 13983868 loser_649.txt

